{
  "accessors": [
    {
      "bufferView": 2,
      "componentType": 5126,
      "count": 65532,
      "max": [
        9.3011188507080078,
        9.0906696319580078,
        5.5800461769104004
      ],
      "min": [
        -7.4035968780517578,
        -6.5175042152404785,
        -7.7811574935913086
      ],
      "type": "VEC3"
    },
    {
      "bufferView": 2,
      "byteOffset": 786384,
      "componentType": 5126,
      "count": 65532,
      "max": [
        0.99994313716888428,
        0.99991977214813232,
        0.99999910593032837
      ],
      "min": [
        -0.99995779991149902,
        -0.99999356269836426,
        -0.99999380111694336
      ],
      "type": "VEC3"
    },
    {
      "bufferView": 3,
      "componentType": 5126,
      "count": 65532,
      "max": [
        0.99969136714935303,
        0.9987601637840271,
        0.99966394901275635,
        1
      ],
      "min": [
        -0.99999910593032837,
        -0.99999934434890747,
        -0.99998050928115845,
        -1
      ],
      "type": "VEC4"
    },
    {
      "bufferView": 1,
      "componentType": 5126,
      "count": 65532,
      "max": [
        0.999267578125,
        0.99925923347473145
      ],
      "min": [
        0.000732421875,
        0.00074076652526855469
      ],
      "type": "VEC2"
    },
    {
      "bufferView": 1,
      "byteOffset": 524256,
      "componentType": 5126,
      "count": 65532,
      "max": [
        0.999267578125,
        0.99925923347473145
      ],
      "min": [
        0.000732421875,
        0.00074076652526855469
      ],
      "type": "VEC2"
    },
    {
      "bufferView": 0,
      "componentType": 5125,
      "count": 359142,
      "max": [
        65531
      ],
      "min": [
        0
      ],
      "type": "SCALAR"
    },
    {
      "bufferView": 2,
      "byteOffset": 1572768,
      "componentType": 5126,
      "count": 8559,
      "max": [
        8.9009294509887695,
        8.4020805358886719,
        0.013136225752532482
      ],
      "min": [
        0.48832076787948608,
        1.5354220867156982,
        -7.5576648712158203
      ],
      "type": "VEC3"
    },
    {
      "bufferView": 2,
      "byteOffset": 1675476,
      "componentType": 5126,
      "count": 8559,
      "max": [
        0.99763238430023193,
        0.99773627519607544,
        0.99999916553497314
      ],
      "min": [
        -0.97166574001312256,
        -0.99790668487548828,
        -0.99405688047409058
      ],
      "type": "VEC3"
    },
    {
      "bufferView": 3,
      "byteOffset": 1048512,
      "componentType": 5126,
      "count": 8559,
      "max": [
        0.98502874374389648,
        0.99468767642974854,
        0.99569237232208252,
        1
      ],
      "min": [
        -0.99998998641967773,
        -0.99655145406723022,
        -0.99216091632843018,
        -1
      ],
      "type": "VEC4"
    },
    {
      "bufferView": 1,
      "byteOffset": 1048512,
      "componentType": 5126,
      "count": 8559,
      "max": [
        0.999267578125,
        0.99222224950790405
      ],
      "min": [
        0.0206298828125,
        0.14617282152175903
      ],
      "type": "VEC2"
    },
    {
      "bufferView": 1,
      "byteOffset": 1116984,
      "componentType": 5126,
      "count": 8559,
      "max": [
        0.999267578125,
        0.99222224950790405
      ],
      "min": [
        0.0206298828125,
        0.14617282152175903
      ],
      "type": "VEC2"
    },
    {
      "bufferView": 0,
      "byteOffset": 1436568,
      "componentType": 5125,
      "count": 44418,
      "max": [
        8558
      ],
      "min": [
        0
      ],
      "type": "SCALAR"
    }
  ],
  "asset": {
    "extras": {
      "author": "ououn (https://sketchfab.com/ououn)",
      "license": "CC-BY-4.0 (http://creativecommons.org/licenses/by/4.0/)",
      "source": "https://sketchfab.com/models/dfa20b772525425694ccbb39f74f8b57",
      "title": "Owl 2b"
    },
    "generator": "Sketchfab-4.32.0",
    "version": "2.0"
  },
  "bufferViews": [
    {
      "buffer": 0,
      "byteLength": 1614240,
      "byteOffset": 0,
      "name": "floatBufferViews",
      "target": 34963
    },
    {
      "buffer": 0,
      "byteLength": 1185456,
      "byteOffset": 1614240,
      "byteStride": 8,
      "name": "floatBufferViews",
      "target": 34962
    },
    {
      "buffer": 0,
      "byteLength": 1778184,
      "byteOffset": 2799696,
      "byteStride": 12,
      "name": "floatBufferViews",
      "target": 34962
    },
    {
      "buffer": 0,
      "byteLength": 1185456,
      "byteOffset": 4577880,
      "byteStride": 16,
      "name": "floatBufferViews",
      "target": 34962
    }
  ],
  "buffers": [
    {
      "byteLength": 5763336,
      "uri": "scene.bin"
    }
  ],
  "images": [
    {
      "uri": "textures/Material_0_baseColor.jpeg"
    },
    {
      "uri": "textures/Material_0_normal.png"
    }
  ],
  "materials": [
    {
      "doubleSided": true,
      "name": "Material_0",
      "normalTexture": {
        "index": 1,
        "scale": 1,
        "texCoord": 1
      },
      "pbrMetallicRoughness": {
        "baseColorFactor": [
          1,
          1,
          1,
          1
        ],
        "baseColorTexture": {
          "index": 0,
          "texCoord": 0
        },
        "metallicFactor": 0,
        "roughnessFactor": 1
      }
    }
  ],
  "meshes": [
    {
      "name": "mainMeshNode_Material_0_0",
      "primitives": [
        {
          "attributes": {
            "NORMAL": 1,
            "POSITION": 0,
            "TANGENT": 2,
            "TEXCOORD_0": 3,
            "TEXCOORD_1": 4
          },
          "indices": 5,
          "material": 0,
          "mode": 4
        }
      ]
    },
    {
      "name": "mainMeshNode_Material_0_0",
      "primitives": [
        {
          "attributes": {
            "NORMAL": 7,
            "POSITION": 6,
            "TANGENT": 8,
            "TEXCOORD_0": 9,
            "TEXCOORD_1": 10
          },
          "indices": 11,
          "material": 0,
          "mode": 4
        }
      ]
    }
  ],
  "nodes": [
    {
      "children": [
        1
      ],
      "name": "RootNode (gltf orientation matrix)",
      "rotation": [
        -0.70710678118654746,
        -0,
        -0,
        0.70710678118654757
      ]
    },
    {
      "children": [
        2
      ],
      "matrix": [
        0,
        1,
        0,
        0,
        0,
        0,
        -1,
        0,
        -1,
        0,
        0,
        0,
        2.2353436946868896,
        0.1517946720123291,
        2.3871383666992188,
        1
      ],
      "name": "RootNode (model correction matrix)"
    },
    {
      "children": [
        3
      ],
      "matrix": [
        1,
        0,
        0,
        0,
        0,
        0,
        1,
        0,
        0,
        -1,
        0,
        0,
        0,
        0,
        0,
        1
      ],
      "name": "c57a7fbbb6714fa5a31ab1e46fe6d177.fbx"
    },
    {
      "children": [
        4,
        6,
        8,
        10,
        12,
        14,
        16,
        18,
        20,
        22,
        24,
        26,
        28,
        30,
        32,
        34,
        36,
        38,
        40,
        42,
        44,
        46,
        48,
        50,
        52,
        54,
        56,
        58,
        60,
        62,
        64,
        66,
        68,
        70,
        72,
        74,
        76,
        78,
        80,
        82,
        84,
        86,
        88,
        90,
        92,
        94,
        96,
        98,
        100,
        102,
        104,
        106,
        108,
        110,
        112,
        114,
        116,
        118,
        120,
        122,
        124,
        126,
        128,
        130,
        132,
        134,
        136,
        138,
        140,
        142,
        144,
        146,
        148,
        150,
        152,
        154,
        156,
        158,
        160,
        162,
        164,
        166,
        168,
        170,
        172,
        174,
        176,
        178,
        180,
        182,
        184,
        186
      ],
      "name": "RootNode"
    },
    {
      "children": [
        5
      ],
      "matrix": [
        0.003154894128536978,
        0.97947247451176311,
        -0.20155326421777706,
        0,
        0.99966186698638393,
        -0.008291424271824388,
        -0.024645567082981254,
        0,
        -0.025810818203513997,
        -0.20140735825025841,
        -0.97916744109795495,
        0,
        0.1351650059223175,
        -25.07819938659668,
        2.7562599182128906,
        1
      ],
      "name": "_20190207_180357_jpg"
    },
    {
      "name": ""
    },
    {
      "children": [
        7
      ],
      "matrix": [
        -0.56607448727752474,
        0.78798464711112359,
        -0.24215670705278014,
        0,
        0.81379606937311166,
        0.58103355299862502,
        -0.011660521543554528,
        0,
        0.13151285992769457,
        -0.20366690012604466,
        -0.97016707915012601,
        0,
        14.468400001525879,
        -19.434900283813477,
        2.7361600399017334,
        1
      ],
      "name": "_20190207_180402_jpg"
    },
    {
      "name": ""
    },
    {
      "children": [
        9
      ],
      "matrix": [
        -0.9014387003148534,
        -0.37337967697481311,
        -0.21907963482910059,
        0,
        -0.38157252114079021,
        0.92432375341931694,
        -0.0052924450953186208,
        0,
        0.20447660180306459,
        0.078823953764131857,
        -0.9756926276384692,
        0,
        24.17289924621582,
        12.489299774169922,
        3.3583500385284424,
        1
      ],
      "name": "_20190207_180411_jpg"
    },
    {
      "name": ""
    },
    {
      "children": [
        11
      ],
      "matrix": [
        -0.52158226795614415,
        -0.79813708394591198,
        -0.30154457876745372,
        0,
        -0.8315564548429063,
        0.55464527493668048,
        -0.029706588486589164,
        0,
        0.19096020570480735,
        0.23525691110088628,
        -0.95298918441735059,
        0,
        12.259499549865723,
        23.487499237060547,
        3.1695199012756348,
        1
      ],
      "name": "_20190207_180417_jpg"
    },
    {
      "name": ""
    },
    {
      "children": [
        13
      ],
      "matrix": [
        0.43064138524582662,
        -0.57629464728643864,
        -0.6945735935252324,
        0,
        -0.7448466433179125,
        -0.66153060127881447,
        0.087067453791465077,
        0,
        -0.50965819453001449,
        0.47985596076394599,
        -0.71413358811059746,
        0,
        -16.674299240112305,
        23.698699951171875,
        19.764299392700195,
        1
      ],
      "name": "_20190207_180426_jpg"
    },
    {
      "name": ""
    },
    {
      "children": [
        15
      ],
      "matrix": [
        0.62489682961432846,
        0.35983378067961647,
        -0.69283735654176049,
        0,
        0.52432206651870483,
        -0.85095734745468099,
        0.030950983416500266,
        0,
        -0.57843782976177804,
        -0.38261108595374926,
        -0.72042934005062365,
        0,
        -22.97450065612793,
        -12.66100025177002,
        20.356500625610352,
        1
      ],
      "name": "_20190207_180432_jpg"
    },
    {
      "name": ""
    },
    {
      "children": [
        17
      ],
      "matrix": [
        -0.42996803251727811,
        0.59148608982460038,
        -0.68210827333879065,
        0,
        0.8264446057824768,
        0.56201435188651749,
        -0.033603301126888641,
        0,
        0.36347875396819007,
        -0.57817304833205663,
        -0.73047869345802985,
        0,
        13.171799659729004,
        -19.874300003051758,
        20.452299118041992,
        1
      ],
      "name": "_20190207_180438_jpg"
    },
    {
      "name": ""
    },
    {
      "children": [
        19
      ],
      "matrix": [
        -0.68349494513075482,
        -0.085440058950267017,
        -0.7249376913275245,
        0,
        -0.10267071288544349,
        0.99450599303320908,
        -0.020409667724525678,
        0,
        0.72269868181442054,
        0.060479964844612905,
        -0.68851201090183833,
        0,
        18.849199295043945,
        3.0047500133514404,
        20.472900390625,
        1
      ],
      "name": "_20190207_180442_jpg"
    },
    {
      "name": ""
    },
    {
      "children": [
        21
      ],
      "matrix": [
        -0.35275707862583561,
        -0.57096827873735845,
        -0.74132156865631815,
        0,
        -0.85663003068914767,
        0.51582767666552565,
        0.010334336328759408,
        0,
        0.37649360419650685,
        0.63868382840145888,
        -0.67107043843219616,
        0,
        9.9290504455566406,
        18.090200424194336,
        20.195999145507812,
        1
      ],
      "name": "_20190207_180445_jpg"
    },
    {
      "name": ""
    },
    {
      "children": [
        23
      ],
      "matrix": [
        -0.01353002327528996,
        0.46926514381521051,
        -0.88295365861989616,
        0,
        0.99973734932053904,
        0.022684406967257487,
        -0.0032634420611999948,
        0,
        0.018497860517181164,
        -0.88276590468857252,
        -0.46944881156059326,
        0,
        0.93354701995849609,
        -11.373600006103516,
        20.324600219726562,
        1
      ],
      "name": "_20190207_180452_jpg"
    },
    {
      "name": ""
    },
    {
      "children": [
        25
      ],
      "matrix": [
        -0.38582938638967779,
        0.25623615455725429,
        -0.88627237218356059,
        0,
        0.54313985890856809,
        0.83961862458363612,
        0.0062975326171363366,
        0,
        0.74574444568025133,
        -0.47894007803690236,
        -0.46312160755795073,
        0,
        8.1595602035522461,
        -4.095369815826416,
        19.910100936889648,
        1
      ],
      "name": "_20190207_180455_jpg"
    },
    {
      "name": ""
    },
    {
      "children": [
        27
      ],
      "matrix": [
        -0.38730937603369431,
        -0.28864717704519577,
        -0.87559936867281363,
        0,
        -0.61166514575787834,
        0.79105626148955033,
        0.0097847137500152725,
        0,
        0.68982403314278917,
        0.53936332684194954,
        -0.48293892466501442,
        0,
        8.7345504760742188,
        7.7230501174926758,
        19.649999618530273,
        1
      ],
      "name": "_20190207_180459_jpg"
    },
    {
      "name": ""
    },
    {
      "children": [
        29
      ],
      "matrix": [
        -0.15901697701307271,
        -0.45199646206975275,
        -0.87773162145273675,
        0,
        -0.96759234252849713,
        0.247992281499258,
        0.047590828917011718,
        0,
        0.19615978105065113,
        0.85685414546071914,
        -0.47678329847525203,
        0,
        3.6400198936462402,
        13.992600440979004,
        19.58690071105957,
        1
      ],
      "name": "_20190207_180502_jpg"
    },
    {
      "name": ""
    },
    {
      "children": [
        31
      ],
      "matrix": [
        0.37900335736299096,
        -0.33730229031652659,
        -0.86173291689177478,
        0,
        -0.73364285670031415,
        -0.67708624151495922,
        -0.057640093370401158,
        0,
        -0.56402536638007972,
        0.65404998776727452,
        -0.50407737459783397,
        0,
        -8.747309684753418,
        9.2091703414916992,
        17.533700942993164,
        1
      ],
      "name": "_20190207_180508_jpg"
    },
    {
      "name": ""
    },
    {
      "children": [
        33
      ],
      "matrix": [
        0.47014738242937248,
        -0.083177352444406591,
        -0.87865975601204627,
        0,
        -0.22380178036530252,
        -0.97424594841498457,
        -0.027524445540442435,
        0,
        -0.85374129682248034,
        0.20958616375449707,
        -0.47665442205285702,
        0,
        -10.146499633789062,
        2.8019299507141113,
        17.755500793457031,
        1
      ],
      "name": "_20190207_180510_jpg"
    },
    {
      "name": ""
    },
    {
      "children": [
        35
      ],
      "matrix": [
        0.37967544508836337,
        0.29339862475330653,
        -0.87736184290737285,
        0,
        0.54807098371180318,
        -0.83536763916143264,
        -0.04217942928763968,
        0,
        -0.74529507794572858,
        -0.4648420747250866,
        -0.47797185309926715,
        0,
        -9.7627201080322266,
        -6.4610600471496582,
        18.049100875854492,
        1
      ],
      "name": "_20190207_180513_jpg"
    },
    {
      "name": ""
    },
    {
      "children": [
        37
      ],
      "matrix": [
        0.22131253154107222,
        0.54115469052225196,
        -0.8112782286667426,
        0,
        0.92612463231611164,
        -0.37721627369301425,
        0.0010238547279743382,
        0,
        -0.30547328655748113,
        -0.7515713431118316,
        -0.58465937725555062,
        0,
        -5.6901998519897461,
        -13.754799842834473,
        19.087400436401367,
        1
      ],
      "name": "_20190207_180515_jpg"
    },
    {
      "name": ""
    },
    {
      "children": [
        39
      ],
      "matrix": [
        0.70311686421218178,
        -0.70191354740742773,
        -0.11377190877518478,
        0,
        0.073340841373630172,
        -0.087560880192953272,
        0.9934556926438356,
        0,
        -0.70728197788932556,
        -0.70685957885973072,
        -0.010086601370517645,
        0,
        -16.430500030517578,
        19.867099761962891,
        1.3813400268554688,
        1
      ],
      "name": "_20190207_180613_jpg"
    },
    {
      "name": ""
    },
    {
      "children": [
        41
      ],
      "matrix": [
        0.97194894054382031,
        -0.19301399242817613,
        -0.13439068309477853,
        0,
        0.13246964531055894,
        -0.022884696065578192,
        0.9909228445026792,
        0,
        -0.19433746434241633,
        -0.98092909499765679,
        0.0033257390213292659,
        0,
        -24.235300064086914,
        6.9954400062561035,
        1.5019600391387939,
        1
      ],
      "name": "_20190207_180619_jpg"
    },
    {
      "name": ""
    },
    {
      "children": [
        43
      ],
      "matrix": [
        0.84067154124279564,
        0.51219997177271626,
        -0.17584808403986432,
        0,
        0.1592479208935961,
        0.076544759942226315,
        0.98426673184480529,
        0,
        0.51760164164686484,
        -0.85544847223045273,
        -0.017217779271872402,
        0,
        -19.157499313354492,
        -13.015500068664551,
        1.6426500082015991,
        1
      ],
      "name": "_20190207_180626_jpg"
    },
    {
      "name": ""
    },
    {
      "children": [
        45
      ],
      "matrix": [
        0.0025736406610059603,
        0.98534496704573682,
        -0.17055401575859702,
        0,
        0.00038269724447431708,
        0.1705535976173701,
        0.98534832616825985,
        0,
        0.99999661495255432,
        -0.0026012030693457477,
        6.1854869963795522e-05,
        0,
        1.3070900440216064,
        -23.476999282836914,
        0.84114199876785278,
        1
      ],
      "name": "_20190207_180632_jpg"
    },
    {
      "name": ""
    },
    {
      "children": [
        47
      ],
      "matrix": [
        -0.89054813200926963,
        0.42301654551670853,
        -0.16727530240268904,
        0,
        -0.14916896902687993,
        0.075823569395857215,
        0.98590030175648558,
        0,
        0.42973555037285238,
        0.90294395647968217,
        -0.004423596111716277,
        0,
        21.588300704956055,
        -11.475199699401855,
        2.2518000602722168,
        1
      ],
      "name": "_20190207_180638_jpg"
    },
    {
      "name": ""
    },
    {
      "children": [
        49
      ],
      "matrix": [
        -0.944782311376684,
        -0.27125360973094226,
        -0.18386914726963952,
        0,
        -0.17612792289237461,
        -0.052833721303417347,
        0.98294839776605281,
        0,
        -0.276342792356429,
        0.96105675019801329,
        0.0021410304727045304,
        0,
        22.666900634765625,
        8.2676897048950195,
        2.3737900257110596,
        1
      ],
      "name": "_20190207_180646_jpg"
    },
    {
      "name": ""
    },
    {
      "children": [
        51
      ],
      "matrix": [
        0.43329073913629468,
        0.49223104382170513,
        -0.7549620751249152,
        0,
        0.50412735890508409,
        0.56200075310667796,
        0.65575205642903733,
        0,
        0.74707077401147759,
        -0.6647283302265079,
        -0.0046374143841823035,
        0,
        -9.407170295715332,
        -13.454799652099609,
        16.870800018310547,
        1
      ],
      "name": "_20190207_175449_jpg"
    },
    {
      "name": ""
    },
    {
      "children": [
        53
      ],
      "matrix": [
        0.63158881192140548,
        0.079902857444113962,
        -0.77117514614254334,
        0,
        0.76415087287000605,
        0.10395033929539454,
        0.63660644864184368,
        0,
        0.13103059241152576,
        -0.9913676716196862,
        0.0045960330336779487,
        0,
        -13.788000106811523,
        -2.6426799297332764,
        16.002399444580078,
        1
      ],
      "name": "_20190207_175455_jpg"
    },
    {
      "name": ""
    },
    {
      "children": [
        55
      ],
      "matrix": [
        0.2447550468672739,
        -0.61287069405471817,
        -0.75132182145994308,
        0,
        0.35168223821083056,
        -0.66600542495681236,
        0.65784221303829105,
        0,
        -0.90355662266402503,
        -0.42523674147112889,
        0.052527548419825321,
        0,
        -6.3130998611450195,
        19.541599273681641,
        17.46980094909668,
        1
      ],
      "name": "_20190207_175506_jpg"
    },
    {
      "name": ""
    },
    {
      "children": [
        57
      ],
      "matrix": [
        0.43881695480692851,
        -0.031836624500125255,
        -0.89801231033567241,
        0,
        0.89732659924132863,
        0.068217963578021124,
        0.4360633941748146,
        0,
        0.04737778454049979,
        -0.99716234324492303,
        0.058503049034457799,
        0,
        -11.054300308227539,
        0.87639802694320679,
        17.913299560546875,
        1
      ],
      "name": "_20190207_175512_jpg"
    },
    {
      "name": ""
    },
    {
      "children": [
        59
      ],
      "matrix": [
        0.16943333272865368,
        0.46178612904089611,
        -0.87065832379061669,
        0,
        0.21552236245815404,
        0.84468714372526299,
        0.4899527941605325,
        0,
        0.96168729691148447,
        -0.27066067363154522,
        0.043592920393118684,
        0,
        -4.5189399719238281,
        -12.046099662780762,
        19.398300170898438,
        1
      ],
      "name": "_20190207_175520_jpg"
    },
    {
      "name": ""
    },
    {
      "children": [
        61
      ],
      "matrix": [
        -0.31157382713507742,
        0.37183585771294464,
        -0.87444830902877269,
        0,
        -0.59279017847115911,
        0.64316463316161898,
        0.4847051257808313,
        0,
        0.74264497207786473,
        0.66938580024449201,
        0.020027378223539283,
        0,
        8.1720399856567383,
        -9.6000299453735352,
        18.942899703979492,
        1
      ],
      "name": "_20190207_175527_jpg"
    },
    {
      "name": ""
    },
    {
      "children": [
        63
      ],
      "matrix": [
        -0.45522562343321638,
        -0.11483984192425439,
        -0.88293909329956155,
        0,
        -0.85172051651458225,
        -0.23285332221516541,
        0.46941611825915586,
        0,
        -0.25950297400602729,
        0.96570758568014403,
        0.0081893492937152867,
        0,
        10.834199905395508,
        4.4152898788452148,
        18.044099807739258,
        1
      ],
      "name": "_20190207_175532_jpg"
    },
    {
      "name": ""
    },
    {
      "children": [
        65
      ],
      "matrix": [
        -0.1143858038797978,
        -0.53130546828212843,
        -0.83942265113843617,
        0,
        -0.072244088212857299,
        -0.83828269965126845,
        0.54042844779274357,
        0,
        -0.99080607567226053,
        0.12246066649700002,
        0.057503961359589795,
        0,
        1.8287099599838257,
        12.412500381469727,
        16.358600616455078,
        1
      ],
      "name": "_20190207_175538_jpg"
    },
    {
      "name": ""
    },
    {
      "children": [
        67
      ],
      "matrix": [
        -0.23566497306961387,
        -0.010426237059352861,
        -0.97177842847476326,
        0,
        -0.96749325875846282,
        -0.091890860483558878,
        0.23561168056045373,
        0,
        -0.091754099227382258,
        0.9957144989103921,
        0.011568143092060001,
        0,
        4.872459888458252,
        0.98223197460174561,
        18.618000030517578,
        1
      ],
      "name": "_20190207_175547_jpg"
    },
    {
      "name": ""
    },
    {
      "children": [
        69
      ],
      "matrix": [
        0.8956321674680906,
        0.25016816205562481,
        -0.36777562628608329,
        0,
        0.36062508783169506,
        0.075598266081774335,
        0.92964210758324151,
        0,
        0.26037005707798355,
        -0.96524649331615797,
        -0.022508676506354464,
        0,
        -19.932699203491211,
        -5.5150699615478516,
        3.7013800144195557,
        1
      ],
      "name": "_20190207_175601_jpg"
    },
    {
      "name": ""
    },
    {
      "children": [
        71
      ],
      "matrix": [
        0.71851626884748721,
        -0.63636955905638382,
        -0.28065665092398773,
        0,
        0.21973766269397768,
        -0.17515434008789188,
        0.95970637006438742,
        0,
        -0.65988615002534579,
        -0.75123547670138613,
        0.013983116604251111,
        0,
        -11.787599563598633,
        16.103399276733398,
        1.1065399646759033,
        1
      ],
      "name": "_20190207_175608_jpg"
    },
    {
      "name": ""
    },
    {
      "children": [
        73
      ],
      "matrix": [
        0.35722806158598397,
        0.87523370302144388,
        -0.32611972818413115,
        0,
        0.13648780677373168,
        0.2964937839576971,
        0.94523146090073784,
        0,
        0.92399090396909045,
        -0.38217456897315605,
        -0.013542828824346875,
        0,
        -7.3753800392150879,
        -15.605500221252441,
        1.0944299697875977,
        1
      ],
      "name": "_20190207_175617_jpg"
    },
    {
      "name": ""
    },
    {
      "children": [
        75
      ],
      "matrix": [
        -0.72348080573656715,
        0.60752519765728152,
        -0.32785462928293196,
        0,
        -0.24156735346577995,
        0.22209862834649208,
        0.94462554116758124,
        0,
        0.64669988207073814,
        0.76261742276064459,
        -0.013925840427262193,
        0,
        12.307299613952637,
        -10.883399963378906,
        0.76064300537109375,
        1
      ],
      "name": "_20190207_175623_jpg"
    },
    {
      "name": ""
    },
    {
      "children": [
        77
      ],
      "matrix": [
        -0.82920922338262315,
        -0.50362010551621883,
        -0.24244350512442925,
        0,
        -0.25708145538984084,
        -0.041508233066921418,
        0.96549789843494915,
        0,
        -0.49630755500176282,
        0.86292749168600169,
        -0.095052379984287949,
        0,
        15.66349983215332,
        8.9088201522827148,
        -1.3605999946594238,
        1
      ],
      "name": "_20190207_175629_jpg"
    },
    {
      "name": ""
    },
    {
      "children": [
        79
      ],
      "matrix": [
        -0.18179832718233668,
        -0.95685013316438405,
        -0.22668742994926877,
        0,
        -0.067937566375946168,
        -0.21775621839819381,
        0.97363582330552734,
        0,
        -0.98098616468766675,
        0.19240595628051316,
        -0.025418353195345134,
        0,
        4.1566500663757324,
        18.667299270629883,
        -0.68011099100112915,
        1
      ],
      "name": "_20190207_175634_jpg"
    },
    {
      "name": ""
    },
    {
      "children": [
        81
      ],
      "matrix": [
        0.83679414254298234,
        -0.53117771970096928,
        -0.13276216742368058,
        0,
        0.09826922889880646,
        -0.092835825519156812,
        0.99082019970921609,
        0,
        -0.53862669972569033,
        -0.84215897524959926,
        -0.025486050089332135,
        0,
        -15.348400115966797,
        14.183099746704102,
        -0.9977409839630127,
        1
      ],
      "name": "_20190207_175649_jpg"
    },
    {
      "name": ""
    },
    {
      "children": [
        83
      ],
      "matrix": [
        0.26672087585888249,
        -0.70964596800345303,
        -0.65212159485598464,
        0,
        0.2162333866549232,
        -0.61532068053587285,
        0.75803930148813081,
        0,
        -0.93920343742812884,
        -0.34319536739488909,
        -0.010669719859213833,
        0,
        -7.794950008392334,
        21.082300186157227,
        14.876299858093262,
        1
      ],
      "name": "_20190207_175658_jpg"
    },
    {
      "name": ""
    },
    {
      "children": [
        85
      ],
      "matrix": [
        0.66268135125232353,
        0.096509772359989088,
        -0.74265691307724169,
        0,
        0.73928548932871485,
        0.07410125468597939,
        0.66930259921949076,
        0,
        0.11962605055086195,
        -0.99256983023512602,
        -0.02224275469935999,
        0,
        -14.669599533081055,
        -2.5311300754547119,
        14.649299621582031,
        1
      ],
      "name": "_20190207_175703_jpg"
    },
    {
      "name": ""
    },
    {
      "children": [
        87
      ],
      "matrix": [
        0.3502924127590783,
        0.58902672820246371,
        -0.72824634501418861,
        0,
        0.39644069505355806,
        0.61119112759174044,
        0.68504027681486623,
        0,
        0.8486047377129563,
        -0.52867089859026462,
        -0.01941855079265542,
        0,
        -9.121800422668457,
        -13.556099891662598,
        15.679900169372559,
        1
      ],
      "name": "_20190207_175706_jpg"
    },
    {
      "name": ""
    },
    {
      "children": [
        89
      ],
      "matrix": [
        -0.23461923149924635,
        0.65548342658785286,
        -0.71784071609191291,
        0,
        -0.21673471124518237,
        0.68459151862730538,
        0.69596014078755064,
        0,
        0.9476180038138633,
        0.31886663370789786,
        -0.018552324803719378,
        0,
        3.2441699504852295,
        -15.325300216674805,
        16.03339958190918,
        1
      ],
      "name": "_20190207_175708_jpg"
    },
    {
      "name": ""
    },
    {
      "children": [
        91
      ],
      "matrix": [
        -0.59673484007028121,
        0.33966298659977168,
        -0.72700521743686231,
        0,
        -0.64226208850879163,
        0.34095723900255137,
        0.68647474158637622,
        0,
        0.48104775263025717,
        0.87657128444062116,
        0.014691595675710878,
        0,
        14.023200035095215,
        -6.8198800086975098,
        16.590999603271484,
        1
      ],
      "name": "_20190207_175714_jpg"
    },
    {
      "name": ""
    },
    {
      "children": [
        93
      ],
      "matrix": [
        -0.57864093459730803,
        -0.37148630283610423,
        -0.72606652285690498,
        0,
        -0.6366336214331596,
        -0.35070914477750681,
        0.68680472321492558,
        0,
        -0.50977671668020963,
        0.85965168677470316,
        -0.033566002981485488,
        0,
        14.599900245666504,
        10.307499885559082,
        16.987499237060547,
        1
      ],
      "name": "_20190207_175717_jpg"
    },
    {
      "name": ""
    },
    {
      "children": [
        95
      ],
      "matrix": [
        -0.24165714719124454,
        -0.64058922858196254,
        -0.72886710958593492,
        0,
        -0.29229031725670895,
        -0.66818970359284524,
        0.68417022037682851,
        0,
        -0.9252935716027435,
        0.37837542234832289,
        -0.02576521130064191,
        0,
        6.8639397621154785,
        16.563899993896484,
        17.048500061035156,
        1
      ],
      "name": "_20190207_175721_jpg"
    },
    {
      "name": ""
    },
    {
      "children": [
        97
      ],
      "matrix": [
        -0.1661236069213361,
        0.91513311369514105,
        -0.36733408695910813,
        0,
        -0.057023230609689612,
        0.36297179654281519,
        0.93005366838979531,
        0,
        0.98445482293210373,
        0.17545044637480189,
        -0.0081143374716083905,
        0,
        3.9062399864196777,
        -23.914400100708008,
        5.3111600875854492,
        1
      ],
      "name": "_20190207_175839_jpg"
    },
    {
      "name": ""
    },
    {
      "children": [
        99
      ],
      "matrix": [
        -0.62479481023799188,
        0.6887510846566951,
        -0.36776811781868457,
        0,
        -0.23387323726944168,
        0.28430742338973081,
        0.92977018552683433,
        0,
        0.74493942974498484,
        0.66692670690992606,
        -0.016553356804538844,
        0,
        16.198400497436523,
        -18.607200622558594,
        5.5544500350952148,
        1
      ],
      "name": "_20190207_175846_jpg"
    },
    {
      "name": ""
    },
    {
      "children": [
        101
      ],
      "matrix": [
        -0.93005644277941979,
        0.12295261938738898,
        -0.34623354347935686,
        0,
        -0.34048275620200003,
        0.06573036415673017,
        0.93795043150313284,
        0,
        0.13808151930501514,
        0.99023339300066193,
        -0.019269701938930739,
        0,
        25.073200225830078,
        -3.9595599174499512,
        5.8665800094604492,
        1
      ],
      "name": "_20190207_175854_jpg"
    },
    {
      "name": ""
    },
    {
      "children": [
        103
      ],
      "matrix": [
        -0.7391641749033564,
        -0.59153410178867127,
        -0.322061685024019,
        0,
        -0.25656818932811076,
        -0.19482487128018855,
        0.94668687207310154,
        0,
        -0.62274319487597396,
        0.78238780406632624,
        -0.007761268191276649,
        0,
        18.184000015258789,
        15.248000144958496,
        4.9330601692199707,
        1
      ],
      "name": "_20190207_175903_jpg"
    },
    {
      "name": ""
    },
    {
      "children": [
        105
      ],
      "matrix": [
        0.96597021657121407,
        -0.038960976585466545,
        -0.25570213726300478,
        0,
        -0.044963766311107684,
        -0.99883233929587045,
        -0.017669682958643955,
        0,
        -0.25471513582133648,
        0.028565718619450516,
        -0.96659412335440598,
        0,
        -18.170600891113281,
        2.9384899139404297,
        3.7397000789642334,
        1
      ],
      "name": "_20190207_175926_jpg"
    },
    {
      "name": ""
    },
    {
      "children": [
        107
      ],
      "matrix": [
        0.31850449283116633,
        0.92365647656906658,
        -0.21310467225844359,
        0,
        0.94646501829376584,
        -0.32233159966565861,
        0.017501685723341515,
        0,
        -0.0525248245360493,
        -0.20727048306257814,
        -0.97687260666806597,
        0,
        -4.1858000755310059,
        -14.181599617004395,
        2.2043900489807129,
        1
      ],
      "name": "_20190207_175932_jpg"
    },
    {
      "name": ""
    },
    {
      "children": [
        109
      ],
      "matrix": [
        -0.68095463974390569,
        0.68365770859508446,
        -0.26251269700676599,
        0,
        0.71259749431396313,
        0.70121872434808807,
        -0.022296002356951908,
        0,
        0.16883598463807628,
        -0.20224845636532957,
        -0.96467091393341642,
        0,
        11.777099609375,
        -11.414400100708008,
        2.4713900089263916,
        1
      ],
      "name": "_20190207_175941_jpg"
    },
    {
      "name": ""
    },
    {
      "children": [
        111
      ],
      "matrix": [
        -0.85170113846935047,
        -0.46480601066716631,
        -0.24199285769973911,
        0,
        -0.47663130821769095,
        0.87903591711986417,
        -0.01088358580302623,
        0,
        0.21777916970340538,
        0.10607180992569788,
        -0.97021698829817549,
        0,
        16.758600234985352,
        6.8741297721862793,
        2.8384199142456055,
        1
      ],
      "name": "_20190207_175947_jpg"
    },
    {
      "name": ""
    },
    {
      "children": [
        113
      ],
      "matrix": [
        -0.34015017255376878,
        -0.88834022586642125,
        -0.30846313105335038,
        0,
        -0.92981384387584032,
        0.36673645715115999,
        -0.030831586612590306,
        0,
        0.14051361445950827,
        0.27632592007231382,
        -0.95073650926411424,
        0,
        7.1630501747131348,
        19.432399749755859,
        2.3734400272369385,
        1
      ],
      "name": "_20190207_175953_jpg"
    },
    {
      "name": ""
    },
    {
      "children": [
        115
      ],
      "matrix": [
        0.6133177068501483,
        -0.7167911119521434,
        -0.33174070038282205,
        0,
        -0.75353482956188278,
        -0.65688548021586679,
        0.026205467343939401,
        0,
        -0.236699495354806,
        0.23390589498338804,
        -0.94300656476548461,
        0,
        -12.122799873352051,
        17.354299545288086,
        2.6661500930786133,
        1
      ],
      "name": "_20190207_180003_jpg"
    },
    {
      "name": ""
    },
    {
      "children": [
        117
      ],
      "matrix": [
        0.313456845873607,
        -0.89678488019907199,
        -0.31228462085300612,
        0,
        -0.9485505532686519,
        -0.31116880320223927,
        -0.058530537392206178,
        0,
        -0.044683930766038021,
        0.31456454752565832,
        -0.9481837858618305,
        0,
        -5.5018801689147949,
        23.795000076293945,
        2.111609935760498,
        1
      ],
      "name": "_20190207_180008_jpg"
    },
    {
      "name": ""
    },
    {
      "children": [
        119
      ],
      "matrix": [
        0.96091436163635613,
        0.17819241913854436,
        -0.21187508433637844,
        0,
        0.1738151515756737,
        -0.98399524800196314,
        -0.039263787289066973,
        0,
        -0.21548058539859158,
        0.00090203719926319412,
        -0.97650770792921637,
        0,
        -21.60930061340332,
        -3.10548996925354,
        2.9152998924255371,
        1
      ],
      "name": "_20190207_180019_jpg"
    },
    {
      "name": ""
    },
    {
      "children": [
        121
      ],
      "matrix": [
        0.65947610369297949,
        0.071179851647280579,
        -0.74834797880223991,
        0,
        0.74775864982994789,
        0.040020993667243543,
        0.66276339795614825,
        0,
        0.077125030064305156,
        -0.99666029758657371,
        -0.026832460793271284,
        0,
